0,372
0,357
174,5
174,4
174,3
174,2
174,1
174,0
0,371
0,355
0,438
173,6
0,419
0,370
0,437
0,369
0,443
0,348
173,5
173,4
173,3
173,2
173,1
173,0
0,367
0,282
0,281
0,280
0,279
0,278
0,277
0,276
0,275
0,366
0,436
0,344
0,342
0,442
0,340
45,3
0,274
0,273
0,272
0,271
0,270
0,269
0,268
0,267
0,266
0,265
0,264
0,263
0,262
0,261
0,260
0,259
0,258
0,257
0,256
0,255
0,254
0,377
0,253
0,252
0,251
0,427
0,250
0,249
0,426
0,248
0,425
0,247
0,374
0,246
0,245
0,365
0,244
0,364
0,242
0,423
0,241
0,363
0,240
0,362
0,239
0,373
0,238
0,237
0,361
0,236
0,360
0,235
0,234
0,233
0,232
0,231
0,230
0,229
0,228
0,227
0,226
0,225
0,224
0,223
0,222
0,221
0,220
0,219
0,218
0,217
0,216
0,215
0,214
0,213
0,212
0,211
0,210
0,209
0,208
0,207
0,206
0,205
0,203
0,200
0,198
0,197
0,196
0,195
0,329
0,194
0,193
0,192
0,63
0,62
0,61
0,60
0,59
0,58
0,57
0,56
0,55
0,54
0,53
0,52
0,51
0,50
0,49
0,48
0,47
0,46
0,45
0,6
0,441
0,204
0,202
0,337
0,4
0,201
0,306
0,305
0,302
0,304
0,303
0,199
172,3
172,2
0,12
172,1
172,0
0,11
0,10
0,334
0,8
0,7
0,332
170,5
26,0
25,3
25,2
25,1
25,0
24,3
24,2
24,1
24,0
23,4
23,3
23,2
23,1
23,0
22,3
22,2
22,1
22,0
21,3
21,2
21,1
21,0
20,3
20,2
20,1
20,0
19,2
19,1
19,0
18,3
18,2
18,1
18,0
94,3
17,3
17,2
17,1
17,0
16,3
16,2
16,1
16,0
15,2
15,1
15,0
14,4
14,3
14,2
14,1
14,0
13,4
13,3
13,2
13,1
13,0
12,4
12,3
12,2
12,1
12,0
11,3
11,2
11,1
11,0
10,3
10,2
10,1
10,0
9,4
9,3
9,2
9,1
9,0
8,3
8,2
8,1
8,0
4,3
4,2
4,1
4,0
3,6
3,5
3,4
3,3
3,2
3,1
3,0
2,5
2,3
2,2
2,1
2,0
1,2
1,1
1,0
0,243
170,3
170,2
170,1
19,3
15,3
2,4
1,3
0,410
0,324
0,9
0,0
0,1
0,418
0,300
0,417
0,299
0,416
0,298
0,415
0,297
0,414
0,296
0,413
0,295
0,412
0,294
0,411
0,293
0,409
0,292
0,408
0,291
0,407
0,290
0,406
0,289
0,405
0,288
0,404
0,287
0,403
0,286
0,402
0,285
0,401
0,284
0,400
0,283
0,399
0,435
0,398
0,397
0,396
0,395
0,394
0,393
0,392
0,391
0,390
0,434
26,1
26,2
26,4
27,0
27,2
27,3
39,1
39,3
39,4
45,0
45,1
81,1
81,2
81,4
81,5
94,1
94,2
94,5
98,1
98,2
102,0
102,1
102,3
104,1
104,2
111,0
111,1
111,3
112,0
112,2
112,4
112,5
113,1
113,2
113,4
114,0
114,1
114,3
114,4
157,1
157,2
157,4
157,6
157,7
157,9
157,10
157,12
157,14
157,15
157,17
157,18
157,20
157,22
157,23
157,25
157,26
157,28
157,29
157,31
157,33
157,34
157,64
157,65
157,67
157,69
157,70
157,72
157,73
157,75
157,76
157,78
157,80
157,81
157,83
157,84
157,86
157,88
157,89
157,91
157,92
157,94
157,95
157,97
157,99
157,100
157,98
157,96
157,93
157,90
157,87
157,85
157,82
157,79
157,77
157,74
157,71
157,68
157,66
157,35
157,32
157,30
157,27
157,24
157,21
157,19
157,16
157,13
157,11
157,8
157,5
157,3
157,0
114,2
113,5
113,3
113,0
112,3
112,1
111,2
104,3
104,0
102,2
98,3
98,0
94,4
94,0
81,3
81,0
45,2
39,5
39,2
39,0
27,1
26,3
0,389
0,388
0,433
0,387
0,386
0,432
0,385
0,384
0,383
0,382
0,381
0,431
0,380
0,430
0,429
0,379
0,378
0,376
0,428
0,375
0,424
0,422
0,421
0,359
0,358
0,347
0,356
0,420
0,440
0,352
0,351
0,349
0,346
0,338
0,335
0,333
0,331
0,330
0,328
0,327
0,439
0,325
0,323
0,322
0,321
0,320
0,319
0,318
0,317
0,316
0,314
0,315
0,313
0,312
0,311
0,310
0,309
0,308
0,307
0,301
0,5
0,2
0,3
170,0
